2012-11-19-15-15-09-896,1,0,0,0,58,0,0,
2012-11-19-15-15-09-987,1,0,0,0,149,0,0,
2012-11-19-15-15-10-033,1,0,0,0,195,0,0,
2012-11-19-15-15-10-046,1,0,0,0,208,0,0,
2012-11-19-15-15-10-063,1,0,0,0,225,0,0,
2012-11-19-15-15-10-103,1,0,0,0,265,0,0,
2012-11-19-15-15-10-116,1,0,0,0,278,0,0,
2012-11-19-15-15-10-129,1,0,0,0,291,0,0,
2012-11-19-15-15-10-146,1,0,0,0,308,0,0,
2012-11-19-15-15-10-162,1,0,0,0,324,0,0,
2012-11-19-15-15-10-179,1,0,0,0,341,0,0,
2012-11-19-15-15-10-197,1,0,0,0,359,0,0,
2012-11-19-15-15-10-213,1,0,0,0,375,0,0,
2012-11-19-15-15-10-230,1,0,0,0,392,0,0,
2012-11-19-15-15-10-246,1,0,0,0,408,0,0,
2012-11-19-15-15-10-264,1,0,0,0,426,0,0,
2012-11-19-15-15-10-279,1,0,0,0,441,0,0,
2012-11-19-15-15-10-299,1,0,0,0,461,0,0,
2012-11-19-15-15-10-313,1,0,0,0,475,0,0,
2012-11-19-15-15-10-330,1,0,0,0,492,0,0,
2012-11-19-15-15-10-346,1,0,0,0,508,0,0,
2012-11-19-15-15-10-363,1,0,0,0,525,0,0,
2012-11-19-15-15-10-379,1,0,0,0,541,0,0,
2012-11-19-15-15-10-397,1,0,0,0,558,0,0,
2012-11-19-15-15-10-413,1,0,0,0,575,0,0,
2012-11-19-15-15-10-429,1,0,0,0,591,0,0,
2012-11-19-15-15-10-446,1,0,0,0,608,0,0,
2012-11-19-15-15-10-462,1,0,0,0,624,0,0,
2012-11-19-15-15-10-479,1,0,0,0,641,0,0,
2012-11-19-15-15-10-496,1,0,0,0,658,0,0,
2012-11-19-15-15-10-513,1,0,0,0,675,0,0,
2012-11-19-15-15-10-530,1,0,0,0,692,0,0,
2012-11-19-15-15-10-546,1,0,0,0,708,0,0,
2012-11-19-15-15-10-563,1,0,0,0,725,0,0,
2012-11-19-15-15-10-580,1,0,0,0,742,0,0,
2012-11-19-15-15-10-596,1,0,0,0,758,0,0,
2012-11-19-15-15-10-613,1,0,0,0,775,0,0,
2012-11-19-15-15-10-630,1,0,0,0,792,0,0,
2012-11-19-15-15-10-646,1,0,0,0,808,0,0,
2012-11-19-15-15-10-663,1,0,0,0,825,0,0,
2012-11-19-15-15-10-679,1,0,0,0,841,0,0,
2012-11-19-15-15-10-696,1,0,0,0,858,0,0,
2012-11-19-15-15-10-713,1,0,0,0,875,0,0,
2012-11-19-15-15-10-730,1,0,0,0,892,0,0,
2012-11-19-15-15-10-747,1,0,0,0,909,0,0,
2012-11-19-15-15-10-763,1,0,0,0,925,0,0,
2012-11-19-15-15-10-781,1,0,0,0,943,0,0,
2012-11-19-15-15-10-797,1,0,0,0,959,0,0,
